45,4
45,3
45,2
45,1
45,0
44,8
44,7
44,6
44,5
44,4
44,3
44,2
44,1
44,0
41,5
41,4
41,3
41,2
41,1
41,0
40,7
40,6
40,5
40,4
40,3
40,2
40,1
40,0
39,5
39,4
39,3
39,2
39,1
39,0
38,6
38,5
38,4
38,3
38,2
38,1
38,0
35,5
35,4
35,3
35,2
35,1
35,0
32,5
32,4
32,3
32,2
32,1
32,0
31,9
31,8
31,7
31,6
31,5
31,4
31,3
31,2
31,1
31,0
30,6
30,5
30,4
30,3
30,2
30,1
30,0
29,8
29,7
29,6
29,5
29,4
29,3
29,2
29,1
29,0
28,6
28,5
28,4
28,3
28,2
28,1
28,0
27,5
27,4
27,3
27,2
27,1
27,0
26,6
26,5
26,4
26,3
26,2
26,1
26,0
25,7
25,6
25,5
25,4
25,3
25,2
25,1
25,0
24,6
24,5
24,4
24,3
24,2
24,1
24,0
23,9
23,8
23,7
23,6
23,5
23,4
23,3
23,2
23,1
23,0
22,8
22,7
22,6
22,5
22,4
22,3
22,2
22,1
22,0
21,5
21,4
21,3
21,2
21,1
21,0
20,6
20,5
20,4
20,3
20,2
20,1
20,0
19,10
19,9
19,8
19,7
19,6
19,5
19,4
19,3
19,2
19,1
19,0
18,5
18,4
18,3
18,2
18,1
18,0
16,5
16,4
16,3
16,2
16,1
16,0
15,7
15,6
15,5
15,4
15,3
15,2
15,1
15,0
14,5
14,4
14,3
14,2
14,1
14,0
13,5
13,4
13,3
13,2
13,1
13,0
12,5
12,4
12,3
12,2
12,1
12,0
11,5
11,4
11,3
11,2
11,1
11,0
9,8
9,5
9,4
9,3
9,2
9,1
9,0
7,3
5,14
5,13
5,12
5,11
5,10
5,9
5,8
5,7
5,6
5,5
5,4
5,3
5,2
5,0
4,3
3,2
2,2
1,2
0,57
0,56
0,55
0,53
0,9
0,2
45,5
45,6
46,1
46,2
46,4
46,5
54,1
54,3
58,0
58,2
58,3
60,1
60,3
60,4
60,6
60,7
65,1
65,2
65,4
65,6
69,0
69,2
69,3
69,5
75,0
75,1
75,3
75,4
75,6
75,7
75,9
75,11
75,12
75,14
75,15
75,17
76,0
76,1
76,3
76,4
76,6
76,7
77,0
77,2
77,3
77,5
77,6
77,8
78,1
78,2
78,4
78,5
78,7
82,0
82,1
82,3
82,4
82,6
82,7
82,9
82,11
82,12
84,0
84,1
84,3
84,5
84,6
86,1
86,2
86,4
86,5
90,0
90,2
90,3
91,0
91,1
91,3
92,0
92,1
92,3
92,4
93,0
93,1
93,3
93,5
95,0
95,2
95,3
96,1
96,3
97,0
97,2
97,3
97,5
98,1
98,2
99,0
99,1
99,3
99,4
99,6
100,1
100,2
100,4
100,5
101,0
101,2
101,3
103,1
103,2
103,4
103,5
104,1
104,3
104,4
105,0
105,1
105,3
106,1
106,2
106,4
107,0
107,2
107,3
107,5
107,7
108,0
108,2
108,3
108,5
109,1
109,2
109,4
109,5
109,3
109,0
108,4
108,1
107,6
107,4
107,1
106,3
106,0
105,2
104,5
104,2
104,0
103,3
103,0
101,1
100,6
100,3
100,0
99,5
99,2
98,3
98,0
97,4
97,1
96,2
96,0
95,1
93,4
93,2
92,5
92,2
91,4
91,2
90,4
90,1
86,6
86,3
86,0
84,4
84,2
82,13
82,10
82,8
82,5
82,2
78,8
78,6
78,3
78,0
77,7
77,4
77,1
76,8
76,5
76,2
75,18
75,16
75,13
75,10
75,8
75,5
75,2
69,6
69,4
69,1
65,5
65,3
65,0
60,5
60,2
60,0
58,1
54,2
54,0
46,3
46,0
0,51
1,45
3,44
2,44
1,44
3,43
2,43
1,43
3,42
2,42
1,42
3,41
2,41
1,41
3,40
2,40
1,40
3,39
2,39
1,39
3,38
2,38
1,38
3,37
2,37
1,37
3,36
2,36
1,36
3,35
2,35
1,35
3,34
2,34
1,34
3,33
2,33
1,33
3,32
2,32
1,32
3,31
2,31
1,31
3,30
2,30
1,30
3,29
2,29
1,29
3,28
2,28
1,28
3,27
2,27
1,27
3,26
2,26
1,26
3,25
2,25
1,25
3,24
2,24
1,24
3,23
2,23
1,23
3,22
2,22
1,22
3,21
2,21
1,21
3,20
2,20
1,20
3,19
2,19
1,19
3,18
2,18
1,18
3,17
2,17
1,17
3,16
2,16
1,16
3,15
2,15
1,15
3,14
2,14
1,14
3,13
2,13
1,13
3,12
2,12
1,12
3,11
2,11
1,11
3,10
2,10
1,10
3,9
2,9
1,9
3,8
2,8
1,8
3,7
2,7
1,7
3,6
2,6
1,6
3,5
2,5
1,5
3,4
2,4
1,4
3,3
3,0
2,3
2,0
1,3
1,0
0,6
0,0
0,47
0,46
0,49
0,48
0,45
0,12
0,58
0,10
0,8
0,50
0,11
0,5
0,7
0,4
0,3
